31
31-3
000
000
000
000
000

32-3






33-3
 0
 0
 0

 0

34-3
0 0
0 0




35-3
0 0
000
0 0
000
0 0

36-3
 00
00
 00
00
 0

37-3
0
  0
 0
0
  0

38-3
00
00
000
0 0
 00

39-3
 0
 0




40-3
  0
 0
 0
 0
  0

41-3
0
 0
 0
 0
0

42-3
0 0
 0
0 0



43-3

 0
000
 0


44-3



 0
0

45-3


000



46-3




 0

47-3
  0
  0
 0
0
0

48-3
 00
0 0
0 0
0 0
00

49-3
 0
00
 0
 0
 0

50-3
00
  0
 0
0
000

51-3
00
  0
 0
  0
00

52-3
0 0
0 0
000
  0
  0

53-3
000
0
00
  0
00

54-3
 00
0
000
0 0
000

55-3
000
  0
 0
0
0

56-3
000
0 0
000
0 0
000

57-3
000
0 0
000
  0
00

58-3

 0

 0


59-3

 0

 0
0

60-3
  0
 0
0
 0
  0

61-3

000

000


62-3
0
 0
  0
 0
0

63-3
000
  0
 0

 0

64-3
 0
0 0
000
0
 00

65-3
 0
0 0
000
0 0
0 0

66-3
00
0 0
00
0 0
00

67-3
 00
0
0
0
 00

68-3
00
0 0
0 0
0 0
00

69-3
000
0
000
0
000

70-3
000
0
000
0
0

71-3
 00
0
000
0 0
 00

72-3
0 0
0 0
000
0 0
0 0

73-3
000
 0
 0
 0
000

74-3
  0
  0
  0
0 0
 0

75-3
0 0
0 0
00
0 0
0 0

76-3
0
0
0
0
000

77-3
0 0
000
000
0 0
0 0

78-3
0 0
000
000
000
0 0

79-3
 0
0 0
0 0
0 0
 0

80-3
00
0 0
00
0
0

81-3
 0
0 0
0 0
000
 00

82-3
00
0 0
000
00
0 0

83-3
 00
0
 0
  0
00

84-3
000
 0
 0
 0
 0

85-3
0 0
0 0
0 0
0 0
 00

86-3
0 0
0 0
0 0
 0
 0

87-3
0 0
0 0
000
000
0 0

88-3
0 0
0 0
 0
0 0
0 0

89-3
0 0
0 0
 0
 0
 0

90-3
000
  0
 0
0
000

91-3
000
0
0
0
000

92-3

0
 0
  0


93-3
000
  0
  0
  0
000

94-3
 0
0 0




95-3




000

96-3
0
 0




97-3

00
 00
0 0
000

98-3
0
00
0 0
0 0
00

99-3

 00
0
0
 00

100-3
  0
 00
0 0
0 0
 00

101-3

 00
0 0
00
 00

102-3
  0
 0
000
 0
 0

103-3

 00
0 0
000
  0
 0
104-3
0
00
0 0
0 0
0 0

105-3
 0

 0
 0
 0

106-3
  0
   
  0
0 0
 0

107-3
0
0 0
00
00
0 0

108-3
00
 0
 0
 0
000

109-3

000
000
000
0 0

110-3

00
0 0
0 0
0 0

111-3

 0
0 0
0 0
 0

112-3

00
0 0
0 0
00
0
113-3

 00
0 0
0 0
 00
  0
114-3

 00
0
0
0

115-3

 00
00
 00
00

116-3
 0
000
 0
 0
 00

117-3

0 0
0 0
0 0
 00

118-3

0 0
0 0
000
 0

119-3

0 0
000
000
000

120-3

0 0
 0
 0
0 0

121-3

0 0
0 0
 00
  0
 0
122-3

000
 00
00
000

123-3
 00
 0
0
 0
 00

124-3
 0
 0
 0
 0
 0

125-3
00
 0
  0
 0
00

126-3
 00
00




EOF
